1 0.5640625 0.565625 0.04921875 0.090625
1 0.1328125 0.58828125 0.04140625 0.065625
1 0.0546875 0.55546875 0.03671875 0.0484375
1 0.08359375 0.58515625 0.03671875 0.065625
1 0.2265625 0.5796875 0.03125 0.0625
1 0.27734375 0.56796875 0.03359375 0.065625
1 0.31484375 0.5953125 0.046875 0.0796875
1 0.3984375 0.5625 0.046875 0.0765625
1 0.52109375 0.58671875 0.03671875 0.06953125
1 0.49453125 0.56953125 0.03125 0.0625
1 0.63828125 0.565625 0.03671875 0.0625
1 0.678125 0.565625 0.03359375 0.06953125
1 0.71875 0.58515625 0.04140625 0.07265625
0 0.9359375 0.63359375 0.0703125 0.09375
1 0.80078125 0.5609375 0.04921875 0.07265625
1 0.9 0.55546875 0.03359375 0.0625
1 0.9703125 0.5640625 0.04921875 0.0796875