1 0.103125 0.38984375 0.03515625 0.08671875
1 0.25625 0.38203125 0.07578125 0.16328125
1 0.36953125 0.3796875 0.0796875 0.16015625
0 0.48125 0.38828125 0.05546875 0.1234375
0 0.16953125 0.36015625 0.05 0.10703125
0 0.053125 0.36328125 0.04609375 0.1203125
0 0.84609375 0.4765625 0.04453125 0.10703125
0 0.72109375 0.41328125 0.0609375 0.11328125
0 0.6546875 0.45 0.0390625 0.09296875
0 0.6046875 0.44140625 0.06484375 0.11640625
0 0.56640625 0.475 0.03671875 0.11015625
0 0.51796875 0.46640625 0.04296875 0.1