0 0.92265625 0.4296875 0.09765625 0.13203125
0 0.2859375 0.390625 0.06015625 0.1078125
0 0.8046875 0.4234375 0.0703125 0.1140625
0 0.57734375 0.40078125 0.05390625 0.08671875
0 0.97109375 0.36015625 0.05 0.13828125
1 0.3296875 0.39921875 0.03203125 0.084375
1 0.4 0.4140625 0.03203125 0.06015625
1 0.5296875 0.4265625 0.03203125 0.06015625
0 0.44765625 0.43359375 0.03203125 0.06328125
0 0.36328125 0.43515625 0.034375 0.06640625
0 0.63515625 0.43828125 0.05 0.09609375
0 0.671875 0.41875 0.028125 0.06328125
0 0.7390625 0.4328125 0.0421875 0.06640625