1 0.3828125 0.41484375 0.0578125 0.109375
1 0.234375 0.4625 0.05234375 0.1
1 0.946875 0.46484375 0.04609375 0.1
1 0.50234375 0.4078125 0.04765625 0.10625
0 0.83984375 0.4546875 0.05625 0.096875
0 0.15 0.46640625 0.05234375 0.103125
0 0.66015625 0.42578125 0.04765625 0.09375
1 0.31796875 0.440625 0.03984375 0.09375
0 0.459375 0.440625 0.034375 0.06328125
0 0.42890625 0.44375 0.02578125 0.0578125
0 0.5421875 0.43046875 0.0359375 0.08515625
0 0.61796875 0.4421875 0.03984375 0.07265625
0 0.5703125 0.4453125 0.03203125 0.0609375
0 0.73984375 0.4546875 0.03203125 0.06640625
0 0.72109375 0.4546875 0.0296875 0.0546875
0 0.7609375 0.4484375 0.02578125 0.0546875