1 0.14296875 0.4125 0.12578125 0.1875
1 0.1859375 0.62890625 0.14375 0.21484375
1 0.33671875 0.84375 0.17421875 0.27578125
1 0.465625 0.57890625 0.13203125 0.2484375
1 0.528125 0.3390625 0.0796875 0.12734375
1 0.53984375 0.45625 0.12421875 0.1484375
1 0.65703125 0.53515625 0.08984375 0.1609375
1 0.6359375 0.2921875 0.06015625 0.1125
1 0.6828125 0.32578125 0.06171875 0.1125
1 0.709375 0.41953125 0.0859375 0.12421875
1 0.86171875 0.50625 0.15625 0.2546875
1 0.803125 0.41796875 0.0859375 0.1515625
1 0.8546875 0.309375 0.078125 0.13359375