1 0.659375 0.35703125 0.0578125 0.13984375
1 0.528125 0.34296875 0.06015625 0.1203125
1 0.07890625 0.3203125 0.065625 0.13359375
1 0.38671875 0.325 0.0578125 0.11640625
1 0.2109375 0.36640625 0.0578125 0.1203125
1 0.3046875 0.31640625 0.05 0.10703125
1 0.1390625 0.36015625 0.05 0.09296875
0 0.84375 0.38828125 0.04375 0.08984375
1 0.0171875 0.36640625 0.0296875 0.09296875
1 0.27109375 0.36171875 0.03828125 0.08359375
0 0.45234375 0.34296875 0.04375 0.1
0 0.5796875 0.38671875 0.028125 0.06640625
0 0.76328125 0.40859375 0.02578125 0.05703125
0 0.80625 0.4046875 0.03203125 0.05703125
0 0.90234375 0.38515625 0.04375 0.0765625
0 0.61015625 0.39296875 0.02421875 0.053125
0 0.9359375 0.38828125 0.028125 0.05703125
0 0.97109375 0.38984375 0.02578125 0.06015625