0 0.1328125 0.27265625 0.15390625 0.2609375
0 0.75703125 0.22890625 0.1296875 0.23359375
0 0.6140625 0.2875 0.07578125 0.1578125
0 0.375 0.3515625 0.09765625 0.1875
0 0.49296875 0.31640625 0.065625 0.11796875
0 0.25078125 0.3578125 0.0421875 0.07265625
0 0.30078125 0.340625 0.0421875 0.08203125
0 0.5859375 0.03359375 0.03203125 0.0484375
0 0.6390625 0.0390625 0.0296875 0.0609375
0 0.69375 0.046875 0.02421875 0.0578125
0 0.27578125 0.17578125 0.028125 0.0484375
0 0.315625 0.0390625 0.02421875 0.0546875
0 0.3453125 0.040625 0.021875 0.0390625
0 0.39765625 0.02421875 0.02421875 0.0421875
0 0.3796875 0.0390625 0.0203125 0.0484375
0 0.365625 0.053125 0.0203125 0.0453125