1 0.475 0.384375 0.0578125 0.1078125
1 0.33828125 0.3828125 0.05625 0.1109375
1 0.22890625 0.375 0.0578125 0.1078125
1 0.89296875 0.39765625 0.05 0.09921875
1 0.68828125 0.39453125 0.04765625 0.08671875
1 0.1078125 0.35703125 0.05625 0.10234375
1 0.62265625 0.3765625 0.04609375 0.10546875
1 0.2828125 0.39375 0.034375 0.06015625
0 0.53671875 0.39375 0.03828125 0.06015625
1 0.821875 0.3875 0.02421875 0.05390625
1 0.765625 0.38125 0.04375 0.078125
1 0.1921875 0.3875 0.028125 0.06015625
1 0.04296875 0.40234375 0.0296875 0.05390625