0 0.0875 0.43671875 0.04375 0.06484375
0 0.14921875 0.4109375 0.05546875 0.07734375
0 0.2671875 0.41875 0.04375 0.06796875
0 0.6296875 0.42734375 0.0609375 0.096875
0 0.87890625 0.4640625 0.11640625 0.1453125
0 0.82265625 0.44375 0.03359375 0.05859375
0 0.765625 0.42890625 0.04609375 0.08125
0 0.7 0.4453125 0.03671875 0.0546875
0 0.59375 0.43046875 0.03671875 0.084375
0 0.54765625 0.45625 0.05078125 0.084375
0 0.5171875 0.4578125 0.03359375 0.0546875
0 0.46640625 0.43828125 0.05859375 0.08125
0 0.35703125 0.42890625 0.053125 0.06796875