0 0.0609375 0.26796875 0.07421875 0.1203125
0 0.365625 0.37890625 0.05234375 0.08515625
0 0.1703125 0.3109375 0.04765625 0.07734375
0 0.0828125 0.3109375 0.04609375 0.0828125
0 0.3171875 0.3015625 0.03828125 0.0640625
0 0.38125 0.28828125 0.04609375 0.05859375
0 0.475 0.3359375 0.03828125 0.0640625
0 0.47109375 0.28828125 0.03828125 0.05859375
0 0.515625 0.31328125 0.04375 0.06640625
0 0.59765625 0.30546875 0.028125 0.06640625
0 0.65390625 0.31484375 0.03984375 0.075
0 0.72421875 0.2796875 0.05234375 0.090625
0 0.8359375 0.3171875 0.0359375 0.05859375