0 0.9671875 0.39453125 0.06171875 0.11796875
0 0.0796875 0.38828125 0.06796875 0.11171875
0 0.596875 0.39453125 0.05390625 0.1
0 0.20390625 0.4109375 0.04765625 0.096875
0 0.32890625 0.42421875 0.034375 0.06328125
0 0.021875 0.44375 0.03984375 0.090625
0 0.15234375 0.453125 0.05234375 0.084375
0 0.265625 0.43203125 0.03984375 0.084375
0 0.396875 0.41875 0.04609375 0.08125
0 0.43515625 0.4140625 0.03828125 0.06640625
0 0.50625 0.4125 0.03984375 0.08125
0 0.5359375 0.42421875 0.03203125 0.06328125
0 0.6921875 0.42109375 0.05234375 0.09375
0 0.6640625 0.4015625 0.0359375 0.084375
0 0.7421875 0.41875 0.0359375 0.06953125
0 0.82421875 0.38515625 0.05234375 0.0875