0 0.359375 0.63203125 0.1140625 0.165625
0 0.19296875 0.47890625 0.07421875 0.11484375
0 0.4921875 0.55078125 0.084375 0.1203125
0 0.0828125 0.6 0.11015625 0.19765625
0 0.6703125 0.52109375 0.06796875 0.0984375
0 0.3359375 0.4640625 0.06015625 0.075
0 0.478125 0.4375 0.04765625 0.06953125
0 0.54921875 0.43046875 0.04609375 0.06640625
0 0.7640625 0.51484375 0.06015625 0.08515625
0 0.76796875 0.4625 0.04765625 0.06171875
0 0.7640625 0.42421875 0.03203125 0.053125
0 0.828125 0.4453125 0.06015625 0.075