1 0.22265625 0.69765625 0.07421875 0.10390625
1 0.221875 0.55859375 0.06015625 0.08828125
1 0.2921875 0.3453125 0.03203125 0.071875
1 0.34921875 0.64921875 0.05 0.071875
1 0.4828125 0.5359375 0.0421875 0.0640625
1 0.50390625 0.5015625 0.04375 0.0640625
1 0.5578125 0.55234375 0.05234375 0.05859375
1 0.92578125 0.2265625 0.03984375 0.090625
1 0.89921875 0.26015625 0.034375 0.06640625
1 0.878125 0.24296875 0.0359375 0.06953125
0 0.959375 0.2453125 0.04609375 0.0796875
0 0.97421875 0.33359375 0.03984375 0.0796875