0 0.94609375 0.38203125 0.0671875 0.15
0 0.603125 0.4796875 0.1328125 0.253125
0 0.875 0.4484375 0.075 0.1296875
0 0.703125 0.39296875 0.05625 0.1203125
0 0.06640625 0.36796875 0.0953125 0.15
0 0.8109375 0.4296875 0.08984375 0.1796875
0 0.26796875 0.475 0.1328125 0.25703125
0 0.52421875 0.29140625 0.05078125 0.1234375
0 0.18125 0.38671875 0.0859375 0.153125
0 0.0515625 0.28671875 0.06171875 0.1
0 0.171875 0.26015625 0.04453125 0.0734375
0 0.334375 0.31796875 0.0296875 0.0703125
0 0.42890625 0.31171875 0.046875 0.08984375
0 0.6171875 0.34296875 0.06015625 0.09296875