1 0.10703125 0.43203125 0.10625 0.165625
1 0.9359375 0.5015625 0.04375 0.05859375
1 0.890625 0.49765625 0.034375 0.05625
1 0.3703125 0.45703125 0.071875 0.125
1 0.415625 0.4734375 0.04765625 0.0984375
1 0.46796875 0.48125 0.04375 0.07734375
1 0.49765625 0.46015625 0.03984375 0.0828125
1 0.603125 0.50234375 0.0421875 0.06171875
1 0.653125 0.4984375 0.03828125 0.0640625
1 0.72578125 0.49296875 0.03984375 0.06953125
1 0.78671875 0.50703125 0.021875 0.04296875
1 0.846875 0.4984375 0.034375 0.05859375
1 0.821875 0.49609375 0.02421875 0.053125
0 0.56484375 0.47890625 0.0296875 0.05625
0 0.515625 0.49609375 0.028125 0.04765625