1 0.26015625 0.39609375 0.05625 0.1171875
1 0.49375 0.4140625 0.04375 0.09375
0 0.20234375 0.44765625 0.071875 0.1296875
0 0.70078125 0.40234375 0.065625 0.13515625
0 0.934375 0.3328125 0.12421875 0.2078125
0 0.59296875 0.4171875 0.065625 0.1171875
0 0.83125 0.40390625 0.0578125 0.1203125
0 0.13984375 0.44140625 0.05625 0.09921875
0 0.3859375 0.4515625 0.05234375 0.10859375
0 0.75703125 0.42734375 0.04609375 0.090625
0 0.66015625 0.4171875 0.0359375 0.09375
0 0.08203125 0.47109375 0.04375 0.0875
0 0.35 0.48359375 0.04765625 0.09375
0 0.425 0.40546875 0.034375 0.06953125
0 0.45 0.4609375 0.04375 0.078125
0 0.79765625 0.43671875 0.0359375 0.09609375
0 0.528125 0.4609375 0.03984375 0.078125