1 0.07265625 0.228125 0.06015625 0.11640625
0 0.3125 0.228125 0.075 0.14296875
0 0.48046875 0.26484375 0.07265625 0.13671875
0 0.8078125 0.26796875 0.0578125 0.15
0 0.6265625 0.253125 0.05078125 0.1265625
1 0.54140625 0.24296875 0.0265625 0.0734375
1 0.3765625 0.23671875 0.03359375 0.09296875
1 0.57421875 0.2453125 0.03203125 0.08984375
1 0.75625 0.26328125 0.0296875 0.0796875
0 0.90078125 0.2734375 0.0375 0.09296875
0 0.1328125 0.23828125 0.04140625 0.08359375
0 0.021875 0.2453125 0.0359375 0.08359375
0 0.17109375 0.23359375 0.02421875 0.06015625