1 0.05234375 0.36796875 0.06015625 0.1375
1 0.19375 0.38359375 0.05625 0.1078125
1 0.84609375 0.41171875 0.06015625 0.1109375
1 0.5703125 0.3953125 0.05625 0.1015625
1 0.42265625 0.3875 0.05 0.1109375
1 0.515625 0.396875 0.03984375 0.08671875
1 0.75703125 0.43828125 0.05 0.09296875
1 0.36015625 0.4 0.0359375 0.08671875
1 0.11015625 0.4234375 0.03203125 0.08046875
1 0.15390625 0.421875 0.04375 0.08359375
1 0.2546875 0.428125 0.04609375 0.08359375
1 0.328125 0.425 0.04375 0.09609375
1 0.6453125 0.40703125 0.0421875 0.09609375
1 0.93984375 0.45390625 0.03203125 0.05703125
1 0.9859375 0.471875 0.028125 0.05703125