1 0.159375 0.65234375 0.0421875 0.06328125
1 0.25625 0.68046875 0.05625 0.09609375
1 0.346875 0.68515625 0.034375 0.0515625
1 0.38671875 0.66875 0.03828125 0.07265625
1 0.52578125 0.68671875 0.03984375 0.07265625
1 0.60390625 0.69453125 0.04375 0.0875
1 0.71015625 0.715625 0.0359375 0.06328125
1 0.64921875 0.7046875 0.034375 0.06015625
1 0.22265625 0.68046875 0.034375 0.06640625
1 0.57265625 0.69609375 0.03828125 0.06015625
0 0.44765625 0.6984375 0.05625 0.090625
1 0.44609375 0.64921875 0.03984375 0.0515625