1 0.51796875 0.33984375 0.053125 0.09296875
1 0.71328125 0.4546875 0.0609375 0.11015625
1 0.91171875 0.3296875 0.07421875 0.1203125
1 0.37265625 0.4765625 0.0546875 0.10703125
1 0.66875 0.34140625 0.0546875 0.103125
1 0.55234375 0.428125 0.06796875 0.11015625
1 0.2734375 0.428125 0.0453125 0.08984375
1 0.26015625 0.28828125 0.0453125 0.08359375
1 0.03125 0.41171875 0.04375 0.06328125
1 0.05 0.3546875 0.0359375 0.05703125
1 0.1046875 0.3984375 0.0453125 0.0765625
1 0.1328125 0.3234375 0.04140625 0.06015625
0 0.8359375 0.41796875 0.08125 0.14296875
1 0.2078125 0.41640625 0.0359375 0.0796875
1 0.1953125 0.3203125 0.04140625 0.06640625