1 0.9390625 0.303125 0.0578125 0.10078125
1 0.15 0.36875 0.04375 0.09140625
1 0.240625 0.34765625 0.05 0.09140625
1 0.37421875 0.3640625 0.04765625 0.08828125
1 0.5640625 0.35390625 0.04765625 0.07890625
1 0.42734375 0.3234375 0.034375 0.0671875
1 0.1140625 0.35703125 0.028125 0.0546875
1 0.48125 0.40859375 0.03828125 0.07890625
1 0.52265625 0.33359375 0.034375 0.0765625
1 0.678125 0.321875 0.03203125 0.0640625
1 0.728125 0.31875 0.03984375 0.0765625
1 0.80625 0.3140625 0.03984375 0.0734375
1 0.60390625 0.46484375 0.03984375 0.0703125
1 0.871875 0.3265625 0.04375 0.09140625
1 0.58984375 0.31875 0.03203125 0.0703125