1 0.76328125 0.26484375 0.10234375 0.18828125
1 0.90390625 0.3140625 0.0640625 0.11953125
1 0.465625 0.31015625 0.04765625 0.1046875
1 0.65078125 0.2109375 0.1140625 0.2125
1 0.196875 0.26015625 0.078125 0.1734375
1 0.5890625 0.2875 0.0578125 0.1375
1 0.409375 0.31015625 0.0421875 0.1046875
1 0.3828125 0.3140625 0.04609375 0.1015625
1 0.97890625 0.325 0.0421875 0.08046875
1 0.08671875 0.29453125 0.1703125 0.49375
1 0.29921875 0.315625 0.034375 0.06875
1 0.33828125 0.33203125 0.0359375 0.08359375
1 0.55390625 0.31015625 0.0359375 0.12890625
1 0.525 0.3484375 0.04609375 0.0984375