0 0.23125 0.20546875 0.06171875 0.1171875
0 0.30703125 0.21484375 0.05390625 0.1109375
0 0.14296875 0.2015625 0.0578125 0.16796875
0 0.596875 0.2234375 0.05390625 0.09296875
0 0.08828125 0.1921875 0.05234375 0.1625
0 0.38125 0.2375 0.02578125 0.071875
0 0.040625 0.17265625 0.078125 0.3390625
0 0.35078125 0.25078125 0.0296875 0.075
0 0.4859375 0.24296875 0.04375 0.09609375
0 0.45234375 0.2296875 0.03203125 0.08671875
0 0.53828125 0.2234375 0.028125 0.06875
0 0.7 0.25859375 0.028125 0.06015625
0 0.67734375 0.24296875 0.02578125 0.071875