1 0.859375 0.7140625 0.065625 0.12265625
1 0.609375 0.65234375 0.05 0.1140625
1 0.2203125 0.6734375 0.04375 0.08984375
1 0.97109375 0.6375 0.04609375 0.09609375
1 0.134375 0.6734375 0.04375 0.1015625
1 0.09609375 0.69296875 0.06015625 0.11640625
1 0.5046875 0.6703125 0.05 0.09609375
1 0.7796875 0.65390625 0.04375 0.09296875
1 0.82265625 0.65859375 0.0296875 0.078125
1 0.43828125 0.66796875 0.02421875 0.05390625
1 0.54609375 0.66328125 0.028125 0.05703125
1 0.4703125 0.6765625 0.0203125 0.05390625