1 0.1078125 0.453125 0.071875 0.12578125
1 0.1703125 0.3796875 0.05234375 0.10546875
1 0.23203125 0.4328125 0.06015625 0.1203125
1 0.40703125 0.43984375 0.065625 0.13515625
1 0.21015625 0.3171875 0.05625 0.09296875
1 0.24609375 0.2625 0.05625 0.08671875
1 0.309375 0.25703125 0.05 0.09296875
1 0.47109375 0.21171875 0.05 0.08671875
1 0.49921875 0.3046875 0.05 0.1171875
1 0.52109375 0.4140625 0.0578125 0.1203125
1 0.57421875 0.4671875 0.06796875 0.13515625
1 0.57109375 0.240625 0.05390625 0.1078125
1 0.7421875 0.43359375 0.06015625 0.1109375
1 0.69921875 0.3546875 0.05390625 0.09609375
1 0.89375 0.47109375 0.084375 0.15