1 0.190625 0.60390625 0.05390625 0.08984375
1 0.49375 0.55234375 0.028125 0.0484375
1 0.384375 0.56640625 0.0359375 0.05078125
1 0.5578125 0.58828125 0.028125 0.0484375
1 0.44296875 0.59765625 0.034375 0.0359375
1 0.64609375 0.55234375 0.03203125 0.06640625
1 0.61484375 0.5703125 0.034375 0.06640625
1 0.76875 0.55703125 0.034375 0.06875
1 0.88203125 0.55546875 0.0359375 0.06640625
1 0.92421875 0.5421875 0.03984375 0.06875
1 0.73515625 0.55390625 0.03828125 0.06875
1 0.71171875 0.56015625 0.028125 0.05703125
1 0.82109375 0.5484375 0.02578125 0.06328125
1 0.83984375 0.56484375 0.0203125 0.05390625
1 0.9875 0.55703125 0.025 0.0453125
1 0.79296875 0.5390625 0.0296875 0.05703125
1 0.6953125 0.55859375 0.01796875 0.0484375
1 0.521875 0.56484375 0.028125 0.0421875