1 0.2796875 0.43125 0.04375 0.05703125
1 0.3640625 0.47265625 0.04765625 0.05703125
1 0.5046875 0.4125 0.0421875 0.059375
1 0.81171875 0.2703125 0.028125 0.04921875
0 0.12890625 0.715625 0.07421875 0.06171875
0 0.178125 0.49453125 0.04765625 0.05390625
0 0.07890625 0.61875 0.0578125 0.08046875
0 0.128125 0.6546875 0.06796875 0.06953125
0 0.2609375 0.51640625 0.05 0.06171875
0 0.334375 0.5453125 0.05625 0.06171875
0 0.43828125 0.5140625 0.05625 0.07265625
0 0.56015625 0.440625 0.05625 0.06484375
0 0.6328125 0.26875 0.034375 0.04140625
0 0.6890625 0.2671875 0.0296875 0.03359375
1 0.596875 0.31796875 0.034375 0.046875
1 0.77109375 0.26328125 0.034375 0.04140625