1 0.7328125 0.6921875 0.0578125 0.10625
1 0.56171875 0.51328125 0.03984375 0.07421875
1 0.615625 0.484375 0.03984375 0.06875
0 0.03203125 0.69609375 0.04375 0.06875
0 0.12265625 0.69375 0.04609375 0.07421875
0 0.19609375 0.625 0.04375 0.06328125
0 0.41015625 0.33828125 0.028125 0.03984375
0 0.37734375 0.5515625 0.034375 0.0546875
0 0.82734375 0.46953125 0.03828125 0.05703125
0 0.253125 0.57421875 0.034375 0.0484375
0 0.21484375 0.55 0.03828125 0.05703125
0 0.32109375 0.56015625 0.03828125 0.06015625
0 0.28515625 0.5140625 0.0421875 0.0546875
0 0.425 0.52421875 0.0421875 0.0515625
0 0.38828125 0.4796875 0.03984375 0.06015625
0 0.45234375 0.45 0.0359375 0.0515625
0 0.5640625 0.40078125 0.0359375 0.05703125
0 0.66171875 0.3578125 0.03203125 0.0515625
0 0.33984375 0.52578125 0.03203125 0.06015625
0 0.20078125 0.29765625 0.02578125 0.04609375