0 0.26484375 0.28671875 0.065625 0.0953125
0 0.675 0.29375 0.04609375 0.07578125
0 0.13515625 0.33046875 0.03828125 0.084375
0 0.17578125 0.34921875 0.0359375 0.06796875
0 0.09765625 0.33671875 0.0359375 0.0703125
0 0.33125 0.334375 0.034375 0.06484375
0 0.4109375 0.32734375 0.03828125 0.0734375
0 0.4421875 0.33671875 0.0359375 0.0703125
0 0.55078125 0.3125 0.04609375 0.08125
0 0.61015625 0.29453125 0.03984375 0.07890625
0 0.8078125 0.26484375 0.05234375 0.084375
0 0.21328125 0.36015625 0.0296875 0.0515625