1 0.2046875 0.45234375 0.06171875 0.10390625
1 0.06015625 0.37890625 0.02421875 0.0546875
1 0.7953125 0.35 0.08984375 0.16796875
1 0.6640625 0.38359375 0.084375 0.15625
1 0.58125 0.31953125 0.06171875 0.125
1 0.49296875 0.359375 0.06171875 0.09453125
1 0.43828125 0.365625 0.05234375 0.10703125
1 0.35390625 0.353125 0.04765625 0.0828125
1 0.29609375 0.3625 0.04765625 0.0890625
1 0.25390625 0.353125 0.03984375 0.0703125
1 0.2140625 0.3546875 0.0359375 0.0734375
1 0.16875 0.3671875 0.03828125 0.0734375
1 0.12421875 0.37734375 0.03203125 0.0640625