1 0.390625 0.34609375 0.07421875 0.14453125
1 0.94921875 0.38125 0.06171875 0.1234375
1 0.14375 0.3703125 0.0640625 0.1328125
1 0.47421875 0.371875 0.06015625 0.11171875
1 0.196875 0.3828125 0.05390625 0.10859375
1 0.88828125 0.40625 0.05625 0.09609375
1 0.7390625 0.39609375 0.05390625 0.09921875
1 0.6328125 0.38984375 0.05 0.09375
1 0.809375 0.39765625 0.04609375 0.084375
1 0.34375 0.409375 0.05234375 0.09609375
1 0.3 0.38515625 0.03984375 0.09609375
1 0.11015625 0.4203125 0.04375 0.0875
1 0.58125 0.39609375 0.03828125 0.0875
1 0.509375 0.38828125 0.03828125 0.10234375