0 0.94375 0.31328125 0.0640625 0.125
0 0.06328125 0.3203125 0.065625 0.1171875
0 0.765625 0.22265625 0.06796875 0.11484375
0 0.30625 0.26796875 0.06796875 0.109375
0 0.184375 0.2625 0.06796875 0.11484375
0 0.365625 0.246875 0.05625 0.109375
0 0.8390625 0.2625 0.0578125 0.08828125
0 0.22890625 0.19453125 0.0578125 0.09609375
0 0.83828125 0.16640625 0.05625 0.0828125
0 0.47578125 0.28125 0.06015625 0.0828125
0 0.503125 0.215625 0.05390625 0.090625
0 0.42890625 0.184375 0.04609375 0.0796875
0 0.61171875 0.21171875 0.0640625 0.10390625
0 0.665625 0.21328125 0.05234375 0.090625
0 0.76328125 0.14375 0.0421875 0.0796875
0 0.80390625 0.353125 0.06796875 0.0984375