0 0.33203125 0.3171875 0.08828125 0.146875
0 0.08203125 0.221875 0.1 0.1625
0 0.95390625 0.2609375 0.0921875 0.17421875
0 0.55703125 0.2703125 0.065625 0.12578125
0 0.4703125 0.2671875 0.05234375 0.1078125
0 0.284375 0.22109375 0.06015625 0.1109375
0 0.7546875 0.2390625 0.065625 0.1171875
0 0.71328125 0.21796875 0.04609375 0.10546875
0 0.51171875 0.190625 0.04375 0.1109375
0 0.3890625 0.21796875 0.04609375 0.09296875
0 0.20703125 0.1984375 0.05 0.084375
0 0.3359375 0.221875 0.0359375 0.071875
0 0.87109375 0.221875 0.03828125 0.06640625
0 0.796875 0.2296875 0.034375 0.075