1 0.37421875 0.38046875 0.05625 0.1140625
1 0.0578125 0.39765625 0.0359375 0.090625
1 0.4296875 0.39921875 0.04375 0.09296875
1 0.73828125 0.37890625 0.04375 0.07578125
1 0.096875 0.396875 0.0421875 0.0703125
1 0.02109375 0.40546875 0.034375 0.0875
1 0.17109375 0.396875 0.0296875 0.0640625
1 0.20234375 0.41875 0.04375 0.07265625
1 0.271875 0.4171875 0.04375 0.0703125
1 0.509375 0.39765625 0.05390625 0.07265625
1 0.57734375 0.396875 0.0421875 0.0703125
1 0.6671875 0.36015625 0.03828125 0.084375
1 0.70234375 0.35390625 0.03203125 0.084375
1 0.78203125 0.3734375 0.04375 0.0875