0 0.14765625 0.346875 0.0734375 0.1
0 0.41875 0.30703125 0.0640625 0.10703125
0 0.3390625 0.4046875 0.11796875 0.15703125
0 0.27421875 0.30703125 0.06875 0.09296875
0 0.684375 0.30703125 0.0625 0.1
0 0.06328125 0.46015625 0.11796875 0.18671875
0 0.8109375 0.3453125 0.0625 0.103125
0 0.55546875 0.303125 0.06640625 0.10703125
0 0.6359375 0.44140625 0.12890625 0.16328125
0 0.04140625 0.35859375 0.078125 0.1234375
0 0.965625 0.328125 0.05546875 0.11640625
0 0.853125 0.28828125 0.04453125 0.08984375
0 0.96796875 0.4234375 0.0640625 0.1734375