1 0.915625 0.3078125 0.06796875 0.109375
1 0.596875 0.33203125 0.0421875 0.071875
0 0.78671875 0.3703125 0.065625 0.10703125
0 0.46015625 0.3203125 0.06796875 0.11171875
0 0.04765625 0.31171875 0.0796875 0.12265625
0 0.3578125 0.328125 0.05625 0.1015625
0 0.65625 0.37578125 0.06015625 0.1015625
0 0.11015625 0.34921875 0.05234375 0.090625
1 0.62890625 0.328125 0.03828125 0.075
1 0.22890625 0.30703125 0.0421875 0.075
1 0.2796875 0.32265625 0.04375 0.0796875
1 0.41796875 0.2828125 0.04375 0.08515625
1 0.31796875 0.29296875 0.05625 0.090625