0 0.734375 0.16484375 0.0796875 0.1203125
0 0.590625 0.190625 0.07421875 0.146875
0 0.9 0.21328125 0.1 0.1859375
0 0.51171875 0.20859375 0.06015625 0.1109375
0 0.85078125 0.2015625 0.065625 0.15625
0 0.725 0.29140625 0.0859375 0.16796875
0 0.43671875 0.23125 0.05390625 0.10234375
0 0.353125 0.225 0.06171875 0.08984375
0 0.17578125 0.24140625 0.03984375 0.09921875
0 0.2703125 0.25078125 0.04765625 0.09921875
0 0.05703125 0.21328125 0.05 0.08984375
0 0.09921875 0.25390625 0.03828125 0.075
0 0.153125 0.234375 0.0296875 0.084375
0 0.56796875 0.2609375 0.04375 0.09609375
0 0.6421875 0.20234375 0.04375 0.1171875