1 0.0140625 0.4296875 0.02421875 0.1078125
1 0.45703125 0.43125 0.065625 0.12890625
1 0.26015625 0.3859375 0.06796875 0.12890625
1 0.153125 0.41875 0.07421875 0.1234375
1 0.10234375 0.40703125 0.0640625 0.1171875
1 0.17890625 0.39765625 0.03828125 0.09921875
1 0.33671875 0.3875 0.07421875 0.10234375
1 0.378125 0.40234375 0.04375 0.10234375
1 0.51796875 0.4140625 0.05625 0.1078125
1 0.5890625 0.4296875 0.078125 0.1078125
1 0.64921875 0.40703125 0.0578125 0.09296875
1 0.71328125 0.4203125 0.05390625 0.1140625
1 0.7671875 0.44765625 0.0578125 0.09609375
1 0.8140625 0.45078125 0.04765625 0.084375
1 0.8703125 0.43359375 0.05234375 0.08671875
1 0.9390625 0.45625 0.0578125 0.10234375
1 0.971875 0.4578125 0.028125 0.08125