1 0.81875 0.7328125 0.07578125 0.08203125
1 0.8078125 0.596875 0.05078125 0.04609375
0 0.08203125 0.49765625 0.0546875 0.06015625
0 0.2375 0.5796875 0.078125 0.0640625
0 0.15390625 0.5171875 0.06328125 0.05
0 0.1171875 0.53125 0.04453125 0.0421875
0 0.934375 0.625 0.03828125 0.03828125
0 0.91953125 0.659375 0.04609375 0.04609375
0 0.73203125 0.64609375 0.0546875 0.05625
0 0.7265625 0.58203125 0.03984375 0.03984375
0 0.3375 0.6453125 0.08046875 0.065625
0 0.42265625 0.5953125 0.0609375 0.06171875
0 0.37109375 0.56328125 0.05078125 0.05390625
0 0.52421875 0.5859375 0.04453125 0.0359375
0 0.578125 0.6140625 0.05078125 0.03984375
0 0.6296875 0.6328125 0.04453125 0.05390625
0 0.50234375 0.6796875 0.0671875 0.06015625
0 0.68359375 0.63203125 0.04609375 0.05234375
0 0.5640625 0.56875 0.03203125 0.034375