1 0.415625 0.15078125 0.1640625 0.246875
1 0.49375 0.409375 0.084375 0.14453125
1 0.175 0.40078125 0.078125 0.16875
1 0.02421875 0.31171875 0.04375 0.13515625
1 0.5671875 0.421875 0.0578125 0.09609375
1 0.50234375 0.28046875 0.03203125 0.06015625
1 0.6 0.38515625 0.04375 0.06015625
1 0.7296875 0.36875 0.03203125 0.05703125
1 0.84296875 0.3 0.02578125 0.0515625
1 0.6859375 0.340625 0.03203125 0.05390625
1 0.7390625 0.31015625 0.02578125 0.05390625
1 0.596875 0.28125 0.034375 0.05703125
1 0.71171875 0.284375 0.02421875 0.05703125