0 0.84140625 0.603125 0.07265625 0.09296875
0 0.74765625 0.73671875 0.1046875 0.16640625
0 0.625 0.64140625 0.06484375 0.08359375
0 0.4703125 0.63203125 0.06015625 0.0765625
0 0.4109375 0.778125 0.07734375 0.103125
0 0.1734375 0.71484375 0.09765625 0.13671875
0 0.02734375 0.73984375 0.05 0.11328125
0 0.0203125 0.6203125 0.03515625 0.06640625
0 0.1109375 0.61484375 0.04765625 0.06328125
0 0.30625 0.63359375 0.04765625 0.0734375
0 0.3796875 0.6234375 0.05 0.0734375
0 0.1828125 0.61796875 0.0453125 0.05703125