1 0.04375 0.421875 0.0796875 0.2296875
1 0.1109375 0.44140625 0.07265625 0.21015625
1 0.21171875 0.4234375 0.11328125 0.253125
1 0.35078125 0.41640625 0.0953125 0.23984375
1 0.31640625 0.321875 0.08203125 0.2234375
1 0.51796875 0.36640625 0.0859375 0.21328125
1 0.4859375 0.30859375 0.07109375 0.15
1 0.65078125 0.4203125 0.09140625 0.2265625
1 0.76640625 0.29296875 0.1171875 0.26640625
1 0.6359375 0.26796875 0.09140625 0.15703125
1 0.88671875 0.38828125 0.08203125 0.15
1 0.9640625 0.2859375 0.071875 0.2875
0 0.47578125 0.45859375 0.09140625 0.18984375