1 0.1890625 0.41875 0.065625 0.090625
1 0.89375 0.47890625 0.04375 0.07734375
0 0.93671875 0.48125 0.05 0.0828125
1 0.89765625 0.41484375 0.0359375 0.06640625
1 0.815625 0.46171875 0.028125 0.06953125
0 0.784375 0.45703125 0.04375 0.06640625
0 0.2859375 0.41875 0.04765625 0.06953125
0 0.3828125 0.47890625 0.03828125 0.05078125
0 0.41171875 0.46015625 0.028125 0.06171875
0 0.4390625 0.45234375 0.034375 0.071875
1 0.496875 0.4453125 0.0296875 0.075
0 0.528125 0.43984375 0.03984375 0.0796875
0 0.63515625 0.4703125 0.05 0.08828125
0 0.57421875 0.4546875 0.0359375 0.07734375
0 0.6640625 0.45234375 0.0359375 0.07734375