1 0.0796875 0.734375 0.12421875 0.19140625
1 0.43125 0.6796875 0.09765625 0.1609375
1 0.20078125 0.29140625 0.0421875 0.0609375
1 0.42265625 0.5046875 0.05 0.0671875
1 0.53125 0.34375 0.04609375 0.07265625
1 0.45234375 0.3359375 0.03984375 0.0515625
1 0.15390625 0.24609375 0.03984375 0.0484375
1 0.1859375 0.2140625 0.028125 0.0515625
1 0.565625 0.3328125 0.03203125 0.0515625
1 0.015625 0.115625 0.028125 0.08515625
1 0.17265625 0.08359375 0.0296875 0.03984375
1 0.528125 0.24140625 0.028125 0.03984375
1 0.61796875 0.35703125 0.03984375 0.0640625
1 0.77265625 0.35859375 0.0578125 0.08515625
1 0.0078125 0.29296875 0.01171875 0.08828125